id,EAP,HPL,MWS
id02310,0.036615340932716,0.016313216471191,0.947071442596093
id24541,0.964006223514357,0.020501530426513,0.01549224605913
id00134,0.029292257710181,0.961842972043774,0.008864770246045
id27757,0.911106929661508,0.070574975884552,0.01831809445394
id04081,0.888099105621204,0.052154974180754,0.059745920198042
id27337,0.956782837220199,0.019691373356732,0.023525789423069
id24265,0.927991541967012,0.04663234947923,0.025376108553759
id25917,0.041749248952036,0.032678302087595,0.925572448960369
id04951,0.968764456630684,0.012152577581451,0.019082965787865
id14549,0.940212862486874,0.033801309285903,0.025985828227223
id22505,0.02945907415357,0.033967375061607,0.936573550784823
id24002,0.011953532155905,0.983675819649014,0.004370648195082
id18982,0.070940376761611,0.631151249728784,0.297908373509605
id15181,0.037766476971327,0.951513607135443,0.01071991589323
id21888,0.745468516704716,0.095504387165459,0.159027096129826
id12035,0.015469115529542,0.009587916732639,0.974942967737819
id17991,0.152786633496493,0.028517219215971,0.818696147287537
id10707,0.952805603401345,0.021183534371848,0.026010862226807
id07101,0.369316210133839,0.045584716526643,0.585099073339518
id00345,0.321230587421411,0.666194721813506,0.012574690765084
id05912,0.939480320732481,0.037141400534681,0.023378278732838
id13443,0.950030866640161,0.024751385263824,0.025217748096015
id09248,0.296733322682068,0.054967410444493,0.64829926687344
id17542,0.081431743584392,0.870741602290911,0.047826654124697
id06995,0.074434305027929,0.012742269525106,0.912823425446966
id25159,0.610011686453272,0.030857773832399,0.35913053971433
id25729,0.431915385539981,0.542754157623716,0.025330456836303
id26949,0.943650100878518,0.040017956077031,0.016331943044451
id27191,0.206518624463706,0.034608110558444,0.75887326497785
id07668,0.227017296618306,0.016350987688811,0.756631715692883
id02230,0.07807063964491,0.27123190198863,0.65069745836646
id15553,0.968445161896642,0.011325287476681,0.020229550626677
id25688,0.007568304836461,0.989187694482723,0.003244000680816
id17545,0.950096757754612,0.027354398520619,0.022548843724769
id13929,0.126584491295272,0.631970991442568,0.24144451726216
id12880,0.264714226154183,0.653157369384746,0.082128404461071
id19282,0.843879156631236,0.049846222029722,0.106274621339043
id14690,0.014040335825586,0.015038175865467,0.970921488308947
id17975,0.022886479325449,0.968639082342805,0.008474438331746
id08037,0.918992056772681,0.03283284549915,0.048175097728169
id15412,0.080973071342869,0.013054151758536,0.905972776898595
id25032,0.485732142132856,0.046059023611334,0.46820883425581
id27165,0.968571191384209,0.017185104654934,0.014243703960858
id03327,0.903839636502993,0.081466856982027,0.014693506514981
id18515,0.882325548347305,0.033217844226557,0.084456607426138
id21003,0.069778929966838,0.012395825045883,0.91782524498728
id23855,0.010841803920059,0.976096740563079,0.013061455516862
id20724,0.906461474672022,0.056790474304838,0.03674805102314
id13303,0.761254630582221,0.045506146966013,0.193239222451766
id16521,0.015586429254991,0.185218479058258,0.799195091686751
id20775,0.963163559603418,0.020341527907361,0.016494912489221
id13029,0.959136178688151,0.024568944735486,0.016294876576364
id14660,0.930866514428806,0.047988216412226,0.021145269158969
id11028,0.019788177074466,0.013444452857337,0.966767370068198
id14180,0.956545694889242,0.030165583950734,0.013288721160024
id25860,0.960098735864351,0.019007125517951,0.020894138617698
id11910,0.45201215928014,0.013705009657957,0.534282831061902
id08065,0.07836635847385,0.021894532659303,0.899739108866847
id22674,0.03332152756489,0.012653041880521,0.954025430554589
id25018,0.341569614432638,0.012489526380271,0.645940859187091
id10892,0.008494642047343,0.984520283564215,0.006985074388442
id10217,0.115609325944457,0.8759179094253,0.008472764630243
id12996,0.194126431216099,0.202014401397373,0.603859167386528
id18262,0.263758386026533,0.706378300929555,0.029863313043912
id08606,0.009269310548175,0.987051959946074,0.003678729505752
id17233,0.872339915207995,0.0259424891602,0.101717595631804
id00101,0.818994304522279,0.132934156857781,0.048071538619941
id12225,0.855297449232562,0.090724127674234,0.053978423093204
id01364,0.019930226713391,0.966305743918592,0.013764029368017
id24973,0.76383307329936,0.027383636505879,0.208783290194761
id25363,0.905586445069205,0.022187350896958,0.072226204033837
id10061,0.365072954013331,0.028020675274152,0.606906370712517
id17673,0.095939930477421,0.806057863994324,0.098002205528255
id13249,0.29544704320021,0.037565248123123,0.666987708676666
id10107,0.032157677432406,0.012369711538779,0.955472611028815
id04403,0.958843087222826,0.027098411457417,0.014058501319757
id25728,0.912652137232743,0.032660360756662,0.054687502010595
id16184,0.189816299843191,0.028701008487356,0.781482691669452
id03438,0.036250321225836,0.017171049963692,0.946578628810472
id22923,0.01159232912611,0.984024531500704,0.004383139373187
id08610,0.962974389649303,0.018010893847481,0.019014716503216
id25355,0.059944299425702,0.017535225140136,0.922520475434162
id16916,0.712792329475204,0.245648756513656,0.041558914011141
id12793,0.016664741970862,0.972300955226447,0.011034302802692
id11859,0.654596260665958,0.014469396390655,0.330934342943387
id02434,0.969085080003737,0.017625169127278,0.013289750868985
id27703,0.022441019195107,0.014569067050085,0.962989913754808
id25212,0.016115846490135,0.966113152239381,0.017771001270484
id11308,0.074936105632412,0.053819969317546,0.871243925050042
id26094,0.952813361285238,0.029569724239112,0.01761691447565
id22080,0.92385147452619,0.053354906502253,0.022793618971557
id03545,0.96307004352057,0.021836571513721,0.015093384965709
id23725,0.038622215150899,0.012785989578871,0.94859179527023
id12009,0.889729846610421,0.086554069125978,0.023716084263601
id24241,0.163349085665115,0.168048359719975,0.66860255461491
id03596,0.010102718348914,0.983887084475874,0.006010197175213
id10749,0.027283043419454,0.96363423413654,0.009082722444006
id22794,0.021733579972668,0.011384361875553,0.96688205815178
id15482,0.220441001504811,0.64600994026731,0.133549058227879
id04833,0.931806521880061,0.047510280222764,0.020683197897175
id00397,0.026255069579207,0.02016804864936,0.953576881771433
id14691,0.030096735785914,0.075471864947148,0.894431399266938
id05193,0.075693303790697,0.01247177056452,0.911834925644784
id19541,0.955644313306636,0.014128092565089,0.030227594128275
id22166,0.027093796966571,0.015790964364667,0.957115238668762
id20744,0.023096585107216,0.013765005384724,0.963138409508061
id10392,0.037907286333845,0.008099506791321,0.953993206874834
id00770,0.939983959084726,0.040645874705316,0.019370166209958
id06018,0.585795130803484,0.386611001391625,0.027593867804891
id15678,0.392538691188639,0.014151496443669,0.593309812367692
id08305,0.925607951470618,0.049626693772764,0.024765354756618
id08903,0.428562526903821,0.178548892590182,0.392888580505998
id14752,0.531963446898127,0.448457780824629,0.019578772277244
id12468,0.020965379197076,0.968899012130695,0.010135608672229
id05085,0.605807045555165,0.37384276534627,0.020350189098565
id21993,0.358865585179553,0.013006723857599,0.628127690962848
id15503,0.925856381734974,0.05114049180107,0.023003126463956
id03021,0.006147275236221,0.986146047947505,0.007706676816274
id16123,0.94721883827859,0.02658198063546,0.02619918108595
id19383,0.955656658589729,0.026028092871947,0.018315248538325
id04186,0.965945725635793,0.012967327634069,0.021086946730138
id17954,0.016907206227535,0.010293591942383,0.972799201830082
id12030,0.151733590234469,0.01817715105587,0.830089258709662
id13020,0.91997966928174,0.063598498192334,0.016421832525926
id25327,0.041003679216385,0.736161036782917,0.222835284000698
id16344,0.158378809704586,0.028063800268957,0.813557390026457
id12303,0.067977969164508,0.912109063706998,0.019912967128494
id15017,0.962904959803806,0.010548362947315,0.02654667724888
id22308,0.252806639533041,0.033983488905591,0.713209871561369
id06536,0.036464210848916,0.007271536603801,0.956264252547283
id19797,0.041200263655186,0.886642420778641,0.072157315566172
id06332,0.60514355962303,0.30598013356743,0.088876306809539
id22941,0.151222601816159,0.136440091469973,0.712337306713867
id13547,0.071252008303715,0.01509339667373,0.913654595022554
id06928,0.023963643842721,0.010250842904387,0.965785513252892
id12521,0.746834267625086,0.229141999580614,0.0240237327943
id25716,0.806779628284512,0.040830256945092,0.152390114770396
id27116,0.01907393408436,0.008368001302882,0.972558064612758
id19941,0.014633393386986,0.974833838983555,0.010532767629458
id05711,0.01858508587282,0.009382843214898,0.972032070912282
id02097,0.019060969486607,0.016111997884415,0.964827032628979
id03563,0.019287666762299,0.972568195277731,0.00814413795997
id02295,0.207333947081726,0.751565336948102,0.041100715970172
id08179,0.958542422318664,0.03324483821181,0.008212739469526
id05332,0.041049224592598,0.947214741199176,0.011736034208226
id15697,0.781826755862125,0.074628420936245,0.14354482320163
id17026,0.1193476900117,0.044482132845746,0.836170177142555
id04243,0.690868607748296,0.285348507235512,0.023782885016192
id13175,0.954985258975873,0.016912007949502,0.028102733074625
id05387,0.942070634163686,0.025610487286692,0.032318878549623
id19989,0.943494641133827,0.023356078557407,0.033149280308766
id25173,0.112871957027601,0.021997407804419,0.865130635167979
id08925,0.024586458244859,0.966556246108177,0.008857295646964
id03034,0.030763360775507,0.956217218717497,0.013019420506997
id13272,0.013208697869974,0.980097908245859,0.006693393884167
id07956,0.940380724263779,0.028912422370494,0.030706853365727
id02648,0.049326230738373,0.017608346719175,0.933065422542452
id01778,0.035175400399369,0.01379104145125,0.951033558149381
id12846,0.01706745754194,0.023612390596222,0.959320151861838
id19001,0.085994765762757,0.019639235811959,0.894365998425285
id05763,0.914279924506566,0.023391134812933,0.062328940680501
id15590,0.019801801268021,0.007841851110263,0.972356347621716
id04912,0.814833975077224,0.103574271861209,0.081591753061567
id21201,0.935048878203779,0.027205259542365,0.037745862253857
id13215,0.954015963700408,0.02019419354764,0.025789842751952
id15612,0.029939494065192,0.960849724694586,0.009210781240222
id18501,0.06439696295042,0.00896972424732,0.92663331280226
id07223,0.586179377284174,0.380906767314031,0.032913855401796
id06707,0.534117140755512,0.395548569080337,0.070334290164152
id05238,0.008798700809351,0.985835331707289,0.00536596748336
id00935,0.018187559864536,0.023575609376095,0.958236830759369
id00110,0.822182003455868,0.013914169899864,0.163903826644268
id17476,0.93865754044756,0.030891567558908,0.030450891993533
id15170,0.959045050400188,0.02207320190494,0.018881747694872
id13397,0.260089472485705,0.041823328172238,0.698087199342056
id24283,0.725153913566895,0.025717916445582,0.249128169987523
id15234,0.953380391111118,0.028917781906632,0.017701826982251
id16884,0.57167221967907,0.378369454303133,0.049958326017797
id07831,0.29300841643776,0.636391066340819,0.070600517221421
id16038,0.944654823426007,0.034761013903158,0.020584162670836
id03629,0.922955243116893,0.045211559663681,0.031833197219426
id21019,0.899149085110862,0.063265144432714,0.037585770456425
id21835,0.602050944232103,0.164635912376376,0.233313143391521
id04480,0.012327785109386,0.984382759498826,0.003289455391788
id20838,0.306270927175311,0.676782429475473,0.016946643349216
id24195,0.257348138096326,0.236774048988588,0.505877812915085
id05448,0.887016490727382,0.096523060101689,0.016460449170929
id15957,0.028683710155617,0.961482710547142,0.009833579297241
id19956,0.027440761013873,0.01800562144874,0.954553617537386
id15104,0.033939970907414,0.035091334358908,0.930968694733678
id17559,0.770712879474559,0.195227444980839,0.034059675544602
id16839,0.192031620726108,0.104911691685447,0.703056687588446
id14493,0.783201477166768,0.018918640041444,0.197879882791788
id08833,0.932190117693376,0.035354206245062,0.032455676061562
id15723,0.159727211750817,0.05241059874877,0.787862189500414
id02716,0.96012300529772,0.017423036381552,0.022453958320728
id06689,0.02822523598852,0.960526417796928,0.011248346214553
id18837,0.590485411860633,0.016688340331078,0.392826247808289
id04466,0.966358962587232,0.013282430059481,0.020358607353287
id00686,0.868064521102293,0.075358579031117,0.05657689986659
id09010,0.067267309183011,0.920476380436354,0.012256310380635
id23353,0.946451326736164,0.02381507653647,0.029733596727367
id00066,0.905242558898562,0.079192368338148,0.01556507276329
id15724,0.062894096178457,0.927353510607987,0.009752393213556
id23486,0.048705019273024,0.010676993723405,0.940617987003571
id22258,0.022286057173119,0.012302225432985,0.965411717393896
id02292,0.845474593287098,0.114624038539894,0.039901368173008
id16356,0.059872091169628,0.020295153504555,0.919832755325817
id00235,0.95948618911046,0.013701900740748,0.026811910148792
id25522,0.049680713806254,0.015058775846036,0.93526051034771
id04204,0.021652558062559,0.97392396594712,0.00442347599032
id22016,0.816892296345614,0.039142229039226,0.14396547461516
id06480,0.013262630836005,0.96417702216971,0.022560346994286
id08718,0.055067774639659,0.009751653902814,0.935180571457528
id05251,0.015137645125329,0.979681943733135,0.005180411141536
id03359,0.892028631484635,0.020958442745179,0.087012925770187
id16117,0.046050462342489,0.015381331127749,0.938568206529762
id17000,0.018945466270593,0.974524266792934,0.006530266936474
id01730,0.019889338700636,0.968608963313033,0.011501697986331
id00630,0.759218082339467,0.22856004615687,0.012221871503663
id18175,0.156491577916025,0.009707272757596,0.833801149326379
id00907,0.926128540790155,0.049057074318089,0.024814384891756
id18251,0.007366467131014,0.986052061882246,0.00658147098674
id25861,0.664865640560439,0.066177881054518,0.268956478385042
id00398,0.871687382473198,0.060705802880152,0.06760681464665
id27573,0.956487027631912,0.01375608037836,0.029756891989728
id10022,0.009418371423716,0.930211708683813,0.060369919892471
id15901,0.037675267202942,0.00957878493159,0.952745947865468
id00451,0.02092521584214,0.149819878530431,0.829254905627429
id23129,0.029863806297303,0.956351241850543,0.013784951852154
id26498,0.17016721577243,0.781589530578766,0.048243253648804
id14741,0.740787598614556,0.218674976658865,0.040537424726579
id18453,0.084084091645986,0.02829668258925,0.887619225764764
id08309,0.885596402286141,0.090947446689825,0.023456151024034
id00320,0.963869889383936,0.016104903320211,0.020025207295853
id07688,0.057066276037485,0.041584990290459,0.901348733672056
id01556,0.026946286102471,0.013061758633816,0.959991955263714
id00178,0.28725304304649,0.055783914686579,0.656963042266932
id18902,0.027109949824133,0.015172421340042,0.957717628835826
id27002,0.616517546285878,0.353392833137276,0.030089620576846
id21418,0.965652134198557,0.020199738080059,0.014148127721385
id23018,0.191763022212191,0.055645107701671,0.752591870086138
id07032,0.541077202471886,0.033312459773941,0.425610337754173
id16195,0.415132892988073,0.045166783760139,0.539700323251788
id11202,0.06270400768458,0.91418494655629,0.02311104575913
id09578,0.857976352618049,0.049809630884805,0.092214016497146
id26984,0.936190551005014,0.01887931309864,0.044930135896346
id19856,0.01306170165679,0.97635255058999,0.010585747753221
id12086,0.605990321825745,0.059863032494679,0.334146645679576
id12052,0.044149461456685,0.029946912857032,0.925903625686283
id17728,0.041344329167094,0.016764225929584,0.941891444903322
id24608,0.851721754082494,0.047790324108718,0.100487921808789
id21097,0.154771234489972,0.028046096955531,0.817182668554498
id20179,0.023462547257565,0.021269162469642,0.955268290272794
id15144,0.790218227270267,0.158581076706504,0.051200696023229
id00206,0.957478297145387,0.011612455140315,0.030909247714297
id22285,0.022187274166639,0.011170532592103,0.966642193241258
id06417,0.428297588820486,0.237958971510684,0.333743439668831
id00215,0.016054554362841,0.976278240048209,0.00766720558895
id04201,0.074307027435865,0.047014122990918,0.878678849573217
id21771,0.950988186462414,0.028271914170424,0.020739899367163
id12451,0.019502576883795,0.491559137604585,0.48893828551162
id14250,0.023239566735546,0.947949837735038,0.028810595529416
id03433,0.030324379481974,0.939718060783138,0.029957559734888
id03303,0.043909136305357,0.013324620800872,0.942766242893771
id25901,0.23850901877092,0.680866092037722,0.080624889191358
id06945,0.652259769221423,0.014213937596413,0.333526293182164
id05664,0.759866477423654,0.127906788011231,0.112226734565115
id05741,0.973953807941832,0.017345442026823,0.008700750031345
id10652,0.815015232140974,0.054215284756133,0.130769483102893
id16300,0.961923010907512,0.015656825131811,0.022420163960677
id12319,0.854199188252962,0.082901126198935,0.062899685548104
id07500,0.011607950672357,0.979163372532023,0.00922867679562
id12478,0.277476413764652,0.299429583322819,0.423094002912529
id03076,0.031225279708552,0.014856367697908,0.95391835259354
id00969,0.165094783653668,0.802330021725071,0.032575194621261
id23636,0.022584170480244,0.9696538686635,0.007761960856256
id09791,0.040534541593804,0.125018817732321,0.834446640673876
id05680,0.014716095730368,0.725316623508818,0.259967280760814
id03672,0.016430087562076,0.859054040065567,0.124515872372357
id04286,0.016745769309332,0.965358101094425,0.017896129596242
id23883,0.025961173477967,0.032407804452664,0.941631022069369
id11914,0.341090881203268,0.029860772412179,0.629048346384554
id20974,0.011890642617371,0.977178622166834,0.010930735215795
id26125,0.08780434661013,0.005439439625948,0.906756213763921
id15543,0.197340635029238,0.022437915593195,0.780221449377567
id19471,0.950310280129415,0.029548069481017,0.020141650389568
id11503,0.93556520406815,0.039111651269718,0.025323144662132
id09321,0.042893232875182,0.93177501823719,0.025331748887629
id25560,0.017782044313419,0.021093953941253,0.961124001745328
id06726,0.279271418105942,0.062898692941621,0.657829888952437
id05709,0.956527752208609,0.02203159644802,0.021440651343372
id09788,0.050289792601443,0.864778374257943,0.084931833140615
id05289,0.969753378822744,0.014664517136115,0.015582104041141
id11815,0.026318178341556,0.965509082991374,0.00817273866707
id22422,0.814180565823638,0.080862604136524,0.104956830039838
id25954,0.912005807042508,0.048248417081311,0.039745775876181
id13601,0.462137506469868,0.426184967565692,0.111677525964441
id05677,0.928500334333239,0.0160108680644,0.055488797602361
id10498,0.013324236447725,0.97864304824037,0.008032715311906
id02665,0.104139908470441,0.879390643145126,0.016469448384433
id10114,0.017244509598024,0.940820668887282,0.041934821514694
id26314,0.910929654557158,0.074731295071841,0.014339050371001
id21240,0.148622676593716,0.040518213272218,0.810859110134066
id15569,0.954773509887941,0.021049690431947,0.024176799680112
id25928,0.091723722619597,0.019887198864892,0.888389078515511
id22706,0.01704046483529,0.974259567994764,0.008699967169946
id20877,0.012860069572698,0.977085794520941,0.010054135906361
id04318,0.888144554064851,0.018628836813239,0.09322660912191
id18299,0.069327796780812,0.847735532835789,0.082936670383399
id08126,0.015210715971407,0.023062596524676,0.961726687503918
id14293,0.503198649946746,0.032430567303707,0.464370782749547
id12759,0.963033850724745,0.014956135155162,0.022010014120094
id11983,0.819315481024707,0.046915752207643,0.133768766767649
id05580,0.033565156379981,0.93811898537382,0.0283158582462
id25846,0.524729739715525,0.387197638208058,0.088072622076417
id01939,0.601456767224168,0.038473036069414,0.360070196706418
id26327,0.074562672388395,0.718737157764928,0.206700169846677
id11068,0.015993853612948,0.023754827066461,0.960251319320591
id08404,0.96672695484209,0.013815080554562,0.019457964603348
id27189,0.69928918863436,0.282116581581189,0.018594229784452
id15119,0.02408221668298,0.944763659231249,0.031154124085772
id26525,0.947276450695124,0.026372606564826,0.02635094274005
id03618,0.661322991158002,0.30473932852783,0.033937680314168
id27220,0.965330681134132,0.014696305160751,0.019973013705117
id18777,0.040328746092635,0.023555933154197,0.936115320753168
id20213,0.940181440354574,0.029847632037998,0.029970927607429
id20403,0.948274560372377,0.032785858711806,0.018939580915817
id03777,0.044977386647008,0.044820506218576,0.910202107134417
id10595,0.025965083903563,0.966142631790921,0.007892284305516
id13816,0.192556449458273,0.027318828016564,0.780124722525163
id05667,0.033664368788199,0.01917863581547,0.947156995396331
id24629,0.784853926603628,0.022830693599804,0.192315379796568
id20398,0.108842932654098,0.171364721859854,0.719792345486048
id14108,0.039649568529717,0.019573469260962,0.94077696220932
id06196,0.015303239964196,0.979967950129334,0.00472880990647
id02800,0.425170704330703,0.545212243295144,0.029617052374152
id18732,0.029663236515327,0.957185885967249,0.013150877517424
id11915,0.012657351152638,0.975975483158913,0.011367165688449
id09739,0.854851459321713,0.038464796728672,0.106683743949615
id24672,0.972198822680224,0.012644629398449,0.015156547921328
id00414,0.029676523342313,0.010663338930231,0.959660137727456
id16307,0.948407711923545,0.019897596661203,0.031694691415252
id14043,0.086146544520406,0.055765318815523,0.858088136664072
id00517,0.01927163874677,0.009269372920686,0.971458988332544
id09744,0.947492386296354,0.022225852994565,0.030281760709081
id19257,0.964241130568803,0.014256023226593,0.021502846204604
id15437,0.586708738750946,0.396124659450289,0.017166601798764
id16352,0.055792020988007,0.014952097388896,0.929255881623098
id18849,0.416752080275836,0.112632216477104,0.470615703247059
id19434,0.009141491212067,0.985276283803509,0.005582224984424
id17928,0.050873767239446,0.016197365885156,0.932928866875399
id16896,0.02167418169887,0.017002375873345,0.961323442427785
id02135,0.104263667153731,0.379755377486827,0.515980955359442
id15075,0.962846838328294,0.021225439901648,0.015927721770058
id27486,0.005635103857114,0.98956230410545,0.004802592037436
id19422,0.941131774772226,0.041673898722015,0.017194326505759
id09603,0.032160724813889,0.949078782611661,0.018760492574449
id02133,0.030821596338257,0.951886823254446,0.017291580407297
id03441,0.440071125055137,0.010282446243118,0.549646428701745
id02398,0.013712572694065,0.981453787011132,0.004833640294804
id05152,0.026362552812347,0.023168516344678,0.950468930842976
id17838,0.46066894237514,0.014422962625135,0.524908094999726
id25060,0.968763636567811,0.014535774290383,0.016700589141806
id09998,0.071035000610127,0.026062074023887,0.902902925365987
id01828,0.013493240305265,0.968447263750783,0.018059495943953
id25377,0.428449880357689,0.029343757537492,0.542206362104819
id22175,0.032532018032866,0.956929301348347,0.010538680618787
id02974,0.021116216348137,0.028199244562615,0.950684539089248
id26955,0.96995350735987,0.016786513855467,0.013259978784663
id21091,0.94182285757282,0.041255260731947,0.016921881695234
id12802,0.918050807757462,0.067574842703262,0.014374349539276
id07432,0.007454324981704,0.987908614920812,0.004637060097484
id18749,0.058353209753377,0.906476316022528,0.035170474224095
id15030,0.023762635074842,0.014653927167251,0.961583437757907
id17155,0.016918689790662,0.970226872010579,0.012854438198759
id08128,0.010621740085267,0.9793736412873,0.010004618627434
id25706,0.010175644382011,0.980136046755858,0.009688308862131
id15645,0.936925942853193,0.044346425340571,0.018727631806236
id04943,0.93840726843675,0.037740780368086,0.023851951195164
id27566,0.020792868999914,0.035357342298361,0.943849788701725
id11765,0.534054080239007,0.22777036054781,0.238175559213183
id13783,0.48996642822819,0.391364389096144,0.118669182675666
id00492,0.021853403497857,0.013232723894909,0.964913872607235
id27636,0.056639265699917,0.016252422365845,0.927108311934238
id04273,0.929559717238196,0.0456913182307,0.024748964531104
id02537,0.092996667964331,0.096003358000909,0.81099997403476
id24349,0.959533320206207,0.01097914432134,0.029487535472454
id00023,0.021860659075098,0.962434033540142,0.01570530738476
id23025,0.143364091722304,0.825722019415989,0.030913888861707
id08722,0.912967178808392,0.040069267859953,0.046963553331656
id02420,0.950616722217565,0.031475391214599,0.017907886567836
id10811,0.9518811318601,0.019608322732949,0.028510545406952
id04019,0.026716032083714,0.016538734287224,0.956745233629062
id18334,0.951266927554886,0.033127962690927,0.015605109754187
id16781,0.727008183719171,0.247142102713661,0.025849713567168
id08773,0.560324573548525,0.429862022070661,0.009813404380814
id19214,0.90328459814566,0.073199361666775,0.023516040187565
id09589,0.006780756423431,0.988772556344703,0.004446687231866
id24246,0.952543099853965,0.008842861160427,0.038614038985608
id23577,0.867786036872936,0.116006508213708,0.016207454913356
id09305,0.883456862841221,0.032774574009006,0.083768563149773
id16460,0.276437345166312,0.047350417325261,0.676212237508427
id21115,0.737891097864597,0.059321453791002,0.2027874483444
id25996,0.710414112238461,0.096662315974212,0.192923571787327
id02551,0.025921631918457,0.021094983885224,0.952983384196319
id19352,0.029734798253101,0.010306963458338,0.959958238288561
id03806,0.029933670043468,0.012771359537298,0.957294970419234
id26544,0.868522999343564,0.04483806129636,0.086638939360076
id18761,0.962547228713026,0.014963167027722,0.022489604259253
id24148,0.020525987517839,0.958246301704662,0.0212277107775
id16095,0.034779726946238,0.948052432696545,0.017167840357217
id18442,0.938723267312922,0.02829148920329,0.032985243483788
id22596,0.020683732858517,0.016683683063363,0.96263258407812
id23002,0.064171274675538,0.014803230526893,0.921025494797569
id04797,0.968774377933082,0.014201770833724,0.017023851233195
id06610,0.096175497296937,0.013873479223248,0.889951023479815
id16173,0.519396894260893,0.379645585955658,0.100957519783449
id18292,0.036332413885875,0.02044116110549,0.943226425008635
id27328,0.965357357120029,0.016885422648655,0.017757220231316
id01695,0.008242618200313,0.984905108386919,0.006852273412768
id05761,0.834108864918687,0.03283568478274,0.133055450298573
id16354,0.959999818702721,0.024133833259422,0.015866348037857
id12207,0.043677178662914,0.851157483667372,0.105165337669715
id05665,0.040780686591008,0.016103208207935,0.943116105201057
id01911,0.926153647157453,0.061421582041529,0.012424770801018
id19153,0.027145362008347,0.012604328486095,0.960250309505559
id10295,0.705066504621447,0.072462766212281,0.222470729166272
id23038,0.490502274660311,0.438213291901219,0.07128443343847
id23783,0.108859222903518,0.881171171015328,0.009969606081154
id27879,0.943134741944882,0.039208715431721,0.017656542623397
id19190,0.044999493260745,0.945938431036185,0.00906207570307
id05065,0.923796953698182,0.048073987906695,0.028129058395123
id21296,0.020519216392456,0.965937732431538,0.013543051176006
id13262,0.26248563506156,0.070325322189952,0.667189042748488
id10333,0.936155292060733,0.049231979708646,0.014612728230622
id16677,0.257435247467771,0.451039651841876,0.291525100690352
id01392,0.201877643538468,0.074754101239529,0.723368255222003
id27874,0.88739681805473,0.054668050716304,0.057935131228966
id02294,0.032113979352822,0.920490397048862,0.047395623598316
id18298,0.022306534157556,0.020786787809804,0.95690667803264
id06997,0.963284708907972,0.017441329693622,0.019273961398407
id05243,0.619445096895646,0.084631032433004,0.29592387067135
id00860,0.011582502790315,0.972969647627398,0.015447849582286
id26681,0.951546151600592,0.01821565586953,0.030238192529878
id06020,0.04124576583792,0.010555726568287,0.948198507593794
id27683,0.925511702141492,0.033237362980107,0.041250934878401
id17655,0.014695593359787,0.978508399251518,0.006796007388695
id08817,0.033191345284717,0.021659007339792,0.945149647375491
id11512,0.025984187395854,0.017459436370152,0.956556376233994
id00478,0.111287652552822,0.036519352743228,0.85219299470395
id02116,0.959220496636525,0.019385960932691,0.021393542430784
id06746,0.955930954469685,0.022789815367435,0.02127923016288
id03863,0.517993018911075,0.4487069550022,0.033300026086725
id01802,0.022401411322067,0.895330385511129,0.082268203166804
id11682,0.8807383159722,0.03071759182112,0.08854409220668
id04033,0.038344720496952,0.941816618088565,0.019838661414483
id09286,0.036297837616503,0.849739352796001,0.113962809587496
id12904,0.968630585291229,0.012819768175975,0.018549646532796
id07420,0.013839910842226,0.02145897949713,0.964701109660645
id22398,0.006859572120434,0.9892653157477,0.003875112131866
id00424,0.050279238522769,0.009225306643911,0.940495454833319
id20960,0.941205837645404,0.042494647740549,0.016299514614047
id10267,0.48214083041864,0.495139639081572,0.022719530499788
id19330,0.350811156631734,0.009560478170553,0.639628365197713
id00994,0.037371635068238,0.945020731632909,0.017607633298853
id10785,0.836695668577531,0.112430795917789,0.05087353550468
id00955,0.027097536367075,0.953717811660538,0.019184651972387
id09757,0.01817632215335,0.971621622251581,0.010202055595068
id10030,0.118574305234761,0.019913574355158,0.861512120410081
id22952,0.027387770354218,0.015494752743836,0.957117476901947
id21955,0.017488637915833,0.010297362163356,0.972213999920812
id07674,0.871618458268915,0.060964957911646,0.067416583819439
id13760,0.023621232001341,0.971512325893022,0.004866442105638
id18166,0.972275002740886,0.013039922086258,0.014685075172856
id23498,0.906873002997819,0.078234166815504,0.014892830186678
id05296,0.947015137104826,0.031665730727469,0.021319132167705
id26709,0.94752266259989,0.031040003031758,0.021437334368352
id02853,0.944378875432874,0.032661483342579,0.022959641224547
id06800,0.535512448239848,0.040982220852943,0.423505330907209
id14758,0.272180466161612,0.690290770284184,0.037528763554204
id12356,0.963441814201594,0.015466097167185,0.021092088631222
id21492,0.920931137722014,0.028388112688011,0.050680749589975
id27540,0.40888822523845,0.054815534781312,0.536296239980238
id07376,0.037172794706806,0.751380561803557,0.211446643489636
id15201,0.819226730842582,0.154252215176419,0.026521053980999
id23388,0.020917974036236,0.96612033353231,0.012961692431454
id13923,0.012024065367188,0.971093074397713,0.0168828602351
id00794,0.012942637221439,0.97976246124362,0.007294901534941
id23910,0.081022156481735,0.016206856983844,0.902770986534421
id02556,0.027896814446643,0.023020620321521,0.949082565231836
id22151,0.009420936818104,0.985199310760126,0.00537975242177
id11698,0.087051655209414,0.853535960511767,0.059412384278819
id11627,0.605523730109738,0.061855166334442,0.33262110355582
id06340,0.935577329886778,0.051969975499934,0.012452694613288
id05123,0.925710800950739,0.039925535022284,0.034363664026977
id26620,0.036136051386768,0.019527320983181,0.944336627630052
id04002,0.021459997453195,0.102444249115121,0.876095753431684
id26554,0.062470427869833,0.714376717243039,0.223152854887128
id18012,0.137732394920858,0.046242955110198,0.816024649968943
id12964,0.107865436990238,0.018349211927676,0.873785351082086
id18965,0.015468934662954,0.659642444985313,0.324888620351733
id19082,0.102098837537963,0.009015126806804,0.888886035655233
id26742,0.05413504674288,0.012874579820617,0.932990373436503
id15442,0.069455463103475,0.912583772086722,0.017960764809803
id16647,0.708002801843759,0.033979212444295,0.258017985711946
id11544,0.30550521216697,0.015650082107492,0.678844705725538
id20581,0.635096348459072,0.071831097479859,0.293072554061069
id13192,0.114674633078599,0.787684246470111,0.09764112045129
id15814,0.152421821448255,0.063558148326681,0.784020030225063
id26279,0.016744040355825,0.974947417041453,0.008308542602723
id00240,0.961684256975084,0.019514683153526,0.01880105987139
id22836,0.963174779650762,0.011720673823617,0.02510454652562
id15085,0.012379131353949,0.954604407739216,0.033016460906835
id17495,0.74849993626862,0.023609608700928,0.227890455030452
id26762,0.911625674011947,0.02513468456944,0.063239641418613
id13685,0.947166632614516,0.023016325231191,0.029817042154293
id16560,0.018511438809441,0.973837453760462,0.007651107430097
id17184,0.02698109862761,0.961975182213199,0.011043719159191
id21635,0.972691407168362,0.01500755295018,0.012301039881458
id26751,0.176013444844716,0.736172305960296,0.087814249194988
id12351,0.946271111026221,0.031867585669105,0.021861303304674
id14872,0.757184469037948,0.129178426790237,0.113637104171814
id18372,0.941986460872719,0.045904586747473,0.012108952379808
id26851,0.918134849682678,0.045224496994532,0.03664065332279
id22659,0.896492031668302,0.090694650394896,0.012813317936802
id04102,0.017747157601927,0.012565774812344,0.96968706758573
id02353,0.01567710182038,0.973974997116408,0.010347901063212
id26721,0.971026816553451,0.013898630846801,0.015074552599748
id11171,0.917485523373231,0.01827920588639,0.064235270740379
id13562,0.677440221785776,0.266091054946985,0.056468723267239
id26425,0.83358165486726,0.028859967595994,0.137558377536747
id26394,0.501144001653076,0.017883909890484,0.480972088456441
id22187,0.585809993776823,0.387976993153573,0.026213013069604
id00422,0.943204164777254,0.034050871083194,0.022744964139553
id22667,0.018542871734738,0.973735780533591,0.007721347731671
id00911,0.874345271914137,0.057906247081712,0.067748481004151
id17291,0.082154716574358,0.014277688300143,0.903567595125498
id01915,0.04163238611358,0.085645787995361,0.87272182589106
id01434,0.066098171087621,0.046562118414883,0.887339710497496
id01584,0.610121159394633,0.016740089040821,0.373138751564546
id09266,0.927273903817679,0.031051071020565,0.041675025161756
id17494,0.023063608009403,0.970684845582419,0.006251546408178
id24919,0.513894350612636,0.23421042806161,0.251895221325755
id21043,0.051503710918852,0.015059763596932,0.933436525484216
id17796,0.009126694361588,0.984502833376511,0.006370472261901
id02166,0.523491701704565,0.003807484736813,0.472700813558622
id17503,0.954095416515114,0.02933099792211,0.016573585562776
id21203,0.732101380407309,0.052917224005438,0.214981395587253
id25626,0.966602878174333,0.006257797289492,0.027139324536174
id09836,0.96601700835122,0.011723758102148,0.022259233546632
id24202,0.032511024990933,0.04320886346301,0.924280111546057
id27260,0.688659327698253,0.076323699205289,0.235016973096458
id23167,0.013918113078419,0.018469290059,0.967612596862582
id10393,0.009595984449076,0.986224546448332,0.004179469102591
id01171,0.466619406708435,0.518828123119714,0.01455247017185
id06380,0.946688894587088,0.036362272723201,0.016948832689712
id22686,0.045158867358191,0.014185129226357,0.940656003415452
id26250,0.081394862695385,0.016884275004971,0.901720862299645
id09315,0.074459622656195,0.887174762807048,0.038365614536757
id00886,0.02556991429837,0.93071751303903,0.043712572662601
id03101,0.946731982797079,0.034928704588541,0.018339312614381
id12367,0.752881993580863,0.015502002354389,0.231616004064747
id10770,0.899531534802079,0.023431756775372,0.077036708422549
id14949,0.014529116537718,0.980770710597581,0.004700172864701
id14141,0.072519935407978,0.914462520192661,0.013017544399361
id25417,0.411973105630624,0.533558288328825,0.054468606040552
id26873,0.792568177295652,0.179210476921608,0.028221345782739
id10818,0.152904003717383,0.015907063880157,0.83118893240246
id15146,0.73472949143995,0.018162926789161,0.247107581770889
id23328,0.955588593805395,0.033678430668746,0.010732975525859
id16765,0.077944811466468,0.880957075361169,0.041098113172364
id24383,0.962770047911598,0.019691045930891,0.017538906157512
id21304,0.950772130757838,0.019644165963524,0.029583703278638
id12551,0.020222654995583,0.967342167546122,0.012435177458296
id23274,0.056646552951786,0.016660455534428,0.926692991513785
id08117,0.867756140780678,0.015071678540116,0.117172180679205
id23961,0.932524198421618,0.049239791032475,0.018236010545907
id13865,0.03084240482873,0.956401880058934,0.012755715112336
id22807,0.16400508159158,0.014584717332799,0.82141020107562
id08951,0.098329018702414,0.034250720288697,0.867420261008889
id18684,0.956029630736232,0.027441972614126,0.016528396649642
id25179,0.089458569492152,0.809200232925707,0.101341197582141
id27033,0.955464588296558,0.0178573228792,0.026678088824242
id13977,0.04536995669045,0.930757704120689,0.023872339188862
id19337,0.013330418221419,0.974658613876446,0.012010967902135
id25764,0.046525754881791,0.94498091376803,0.008493331350179
id16106,0.043033646178856,0.02486824616804,0.932098107653104
id05468,0.044178107588466,0.011579380937138,0.944242511474396
id05241,0.945757096865295,0.036182961569935,0.018059941564771
id10215,0.809725619167672,0.087557766522467,0.102716614309861
id23457,0.033683011372045,0.012945686726618,0.953371301901337
id02200,0.973392493919526,0.008289211386327,0.018318294694147
id13714,0.072279650557728,0.906073981152264,0.021646368290008
id20332,0.019158319001506,0.034862085179637,0.945979595818856
id18573,0.034034919079277,0.024055804038025,0.941909276882698
id08569,0.937922309223664,0.045545165565495,0.016532525210841
id22767,0.463764258293224,0.490872530965149,0.045363210741627
id25390,0.031357138941846,0.953720167229476,0.014922693828678
id09288,0.97209389575806,0.012110002705833,0.015796101536107
id12381,0.960946457408078,0.018217708664568,0.020835833927354
id02895,0.049051416321308,0.0129551565011,0.937993427177592
id25270,0.048777353974847,0.009806790628276,0.941415855396876
id14248,0.361231182688934,0.040327137509907,0.598441679801159
id12831,0.921699541161991,0.015818874281554,0.062481584556455
id18305,0.814182173627649,0.021015281923929,0.164802544448421
id07805,0.964990229980254,0.005390235750027,0.029619534269719
id14027,0.054626261679935,0.026916489213225,0.918457249106841
id02760,0.763815211680051,0.12848076528774,0.10770402303221
id24362,0.955468111002927,0.028559974044547,0.015971914952526
id17065,0.009525496310414,0.982397496659265,0.008077007030321
id26583,0.014340113969325,0.956107830754353,0.029552055276322
id19664,0.964911887485373,0.008367042349574,0.026721070165053
id25145,0.874929395709579,0.061487535809757,0.063583068480664
id17858,0.014106828887511,0.98106953624188,0.004823634870609
id05148,0.082914940943737,0.251968524991126,0.665116534065137
id22928,0.763096252010771,0.211440869076522,0.025462878912707
id21549,0.146954874478424,0.037049444528851,0.815995680992724
id12649,0.026804796843689,0.964315825593629,0.008879377562683
id21597,0.902952022343945,0.043875138930708,0.053172838725348
id27945,0.953805065556297,0.024889155164814,0.02130577927889
id00243,0.962084726499687,0.013116175314317,0.024799098185997
id02745,0.792392087532549,0.005416180837812,0.202191731629639
id23550,0.030962637088946,0.027256652222125,0.941780710688929
id13023,0.061263799063444,0.014511963958935,0.924224236977622
id24796,0.160181747488478,0.008402359706566,0.831415892804955
id12284,0.080710860906659,0.898458500343053,0.020830638750288
id02664,0.008283518330635,0.984450834520602,0.007265647148763
id23767,0.955743074304664,0.0140392232017,0.030217702493636
id05859,0.01350283125412,0.970784714982611,0.015712453763269
id14350,0.201664512732432,0.78330373108505,0.015031756182518
id01191,0.42721645728842,0.341230957103856,0.231552585607724
id17034,0.80816895466537,0.025113137303016,0.166717908031615
id25292,0.890464289337355,0.078620685330245,0.0309150253324
id22121,0.967138080428302,0.012409872111012,0.020452047460686
id20872,0.962392027734554,0.015474601894072,0.022133370371375
id17720,0.026208468089767,0.959577959091734,0.014213572818499
id22658,0.1114063372508,0.873803809603778,0.014789853145422
id09567,0.938080038691562,0.03235249234127,0.029567468967168
id16445,0.959504913623248,0.02411951424372,0.016375572133033
id08349,0.058675217948271,0.384389230224104,0.556935551827624
id27437,0.059904142132593,0.093550323703277,0.84654553416413
id03812,0.96160819539363,0.021842874816631,0.016548929789739
id22304,0.878702482083995,0.083624309280985,0.03767320863502
id04449,0.221182734799211,0.723245630923008,0.055571634277781
id15605,0.534229414447906,0.039815869954456,0.425954715597638
id01768,0.903488476366116,0.041036733365224,0.05547479026866
id20019,0.139669658977346,0.815298739467326,0.045031601555328
